
cType <- c("Hyp/Am","Hyp_d14","Am/EmDisc","ExMes","EmDisc/Am1","EmDisc/Am2","EmDisc/Am3","EmDisc/Am4","SYS_CS6/7","EmDisc_CS6/7","PGC_CS6/7","Am","EmDisc","PGC","VE","SYS","ExMes","None","Other","Gland_CS5","Gland_CS6","Gland","Stroma_CS5","Stroma","Remodelled_CS5","Remodelled_CS6","Remodelled","Stalk_CS6","2307","2308","Other","Zy_CS1","4-cell_CS2","8-cell_CS2","cMor_CS2","ICM_CS3","Epi_CS3","Tb_CS3","Hyp_CS3","EmDisc_CS5","EmDisc_CS6","EmDisc_CS7","Am_CS5","Am_CS6","Am_CS7","VE_CS5","VE_CS6","VE_CS7","SYS_CS5","SYS_CS6","SYS_CS7","Tb_CS5","Tb_CS6","Tb_CS7","ExMes_CS5","ExMes_CS6","ExMes_CS7","Stalk_CS7","PGC_CS5","PGC_CS6","PGC_CS7","Gland_CS5","Gland_CS6","Gland_CS7","ReGland_CS5","ReGland_CS7","Myo","VE_CS4","Epi_CS4","Tb_CS4","Hyp_CS4","EmDisc_CS6/7","ExMes_CS6/7","PGC_CS6/7","SYS_CS6/7","Tb_CS6/7","Am","Amnoid_bead","BMP_MEF","BMP_noMEF","EmD","EmDisc","ActA_MEF","ActA_noMEF","SB43_MEF","CHIR_MEF","FGF_noMEF","Am_CS5_PGC","Am_CS5_ExMesPGC","EmDisc_CS5_Am","PGC_CS6","Stalk_CS7_PGC","EmDisc_CS7_PGC","EmDisc_CS7_Am","Am_CS6_EmDisc","EmDisc_CS5_Gast","EmDisc_CS6_Am","EmDisc_CS6_Gast","EmDisc_CS7_Gast","Stalk_CS7_PGC","Gland_CS6_","ReStroma_CS5","ReStroma_CS6","ReStroma_CS7","Stroma_CS5","Stroma_CS6","Stroma_CS7","VE_CS6","VE_CS7","Am_CS7_EmDisc","EmDisc_Gast_CS6","EmDisc_Gast_CS7","Other")
BaseCol <- c("black","#F04C04","#0233BF","#967700","#0c9cf5","#877bd6","#0767DA","#5F54C7","#d17600","#0767DA","#E6E600","#877bd6","#0c9cf5","#E6E600","#F04C04","#E68600","#e6c800","#B3B2B2","#f5f2d0","#B3B2B2","#A5A4A3","#969593","#DFDFDF","#D0D0D0","#878684","#797775","#6A6866","#754C24","lightgrey","lightgrey","lightgrey","#56E600","#48BF00","#00BF30","#009926","#00E6E6","#00BFBF","#BF0489","#E6B500","#0c9cf5","#0767DA","#0233BF","#877bd6","#5F54C7","#1A0873","#F04C04","#D74404","#BF3C04","#E68600","#d17600","#BF7104","#921FE6","#8017c2","#7108a6","#e6c800","#c49a00","#967700","#603813","#E6E600","#BFBF04","#999903","#C0C0C0","#C0C0C0","#C0C0C0","#A9A9A9","#A9A9A9","#E6E6FA","#F04C04","#00BFBF","#BF0489","#E6B500","#0767DA","#c49a00","#E6E600","#d17600","#8017c2","#7b3294","#c2a5cf","#a6dba0","#008837","#ca0020","#f4a582","#92c5de","#0571b0","#d8b365","#5ab4ac","#4d4d4d","#E6E600","#E6E600","#E6E600","#E6E600","#E6E600","#E6E600","#0233BF","#5F54C7","#0c9cf5","#0767DA","#0767DA","#0233BF","#E6E600","#C0C0C0","#C0C0C0","#C0C0C0","#C0C0C0","#C0C0C0","#C0C0C0","#C0C0C0",'#D74404',"black","#5F54C7","#0767DA","#0233BF","#754C24,","#f5f2d0")



#mammal.combined <- readRDS(file=paste(saveext,"/BatchAll_marmosetintegration_wMapre.rds",sep=""))
#saveRDS(mammal.combined,file=paste(saveext,"/BatchAll_marmosetintegration_wpre.rds",sep=""))
mammal.combined <- readRDS(file=paste(saveext,"/BatchAll_marmosetintegration_wMa.rds",sep=""))
#mammal.combined <- readRDS(file=paste(saveext,"/BatchAll_marmosetintegration.rds",sep=""))
#mammal.combined <- readRDS(file=paste(saveext,"/BatchAll_marmosetintegration_wMa_EmDAm.rds",sep="") )
#Hyp_d14       putExMes      ExMes_d14     Am/EmDisc_d14 EmDisc_d14    Am_d14        Hyp/Am        putPGC        Am/EmDisc    
#0c9cf5	#0767DA
EmDAmList1 <- readRDS(file=paste(saveext,"/DimRed/EmDiscList1.rds",sep=""))
EmDAmList2 <- readRDS(file=paste(saveext,"/DimRed/EmDiscList2.rds",sep=""))
EmDAmList3 <- readRDS(file=paste(saveext,"/DimRed/EmDiscList3.rds",sep=""))
EmDAmList4 <- readRDS(file=paste(saveext,"/DimRed/EmDiscList4.rds",sep=""))
ExMes <- readRDS(file=paste(saveext,"/DimRed/ExMes.rds",sep=""))
ExMes2 <- readRDS(file=paste(saveext,"/DimRed/ExMes2.rds",sep=""))

PGC <- WhichCells(mammal.combined,idents=c("putPGC"))

Hyp <- readRDS(file=paste(saveext,"/DimRed/Hyp.rds",sep=""))
SYS <- readRDS(file=paste(saveext,"/DimRed/SYS.rds",sep=""))

Idents(mammal.combined,cells = WhichCells(mammal.combined,idents="putPGC") ) <- "PGC"
Idents(mammal.combined,cells = WhichCells(mammal.combined,idents="ExMes_d14") ) <- "SYS"
Idents(mammal.combined,cells = WhichCells(mammal.combined,idents="putExMes") ) <- "SYS"

Idents(mammal.combined,cells = EmDAmList1) <- "EmDisc/Am1"
Idents(mammal.combined,cells = EmDAmList2) <- "EmDisc/Am2"
Idents(mammal.combined,cells = EmDAmList3) <- "EmDisc/Am3"
Idents(mammal.combined,cells = EmDAmList4) <- "EmDisc/Am4"
Idents(mammal.combined,cells = ExMes) <- "ExMes"
Idents(mammal.combined,cells = ExMes2) <- "ExMes"
Idents(mammal.combined,cells = Hyp) <- "Hyp_d14"
Idents(mammal.combined,cells = SYS) <- "SYS"

mammal.combined$ID <- Idents(mammal.combined)

Idents(mammal.combined) <- mammal.combined$ID # <- Idents(mammal.combined)

colind <- integer( length( levels(Idents(mammal.combined)) )  )
for (i in 1:length( levels(Idents(mammal.combined)) ) ) {
  colind[i] <- which(cType==levels(Idents(mammal.combined))[i])
}
coluse <- BaseCol[colind]


p<-DimPlot(mammal.combined,  cols = coluse, pt.size = 4, reduction = "umap", split.by = "Dataset", label = TRUE, repel = TRUE) 
ggsave(filename=paste(saveext,"/DimRed/Marmoset_BatchAll_Nakamura_umap.pdf",sep=""),width = 30, height = 8,p,limitsize = FALSE)

p<-DimPlot(mammal.combined,  cols = coluse, pt.size = 4, reduction = "pca", split.by = "Dataset", label = TRUE, repel = TRUE) 
ggsave(filename=paste(saveext,"/DimRed/Marmoset_BatchAll_Nakamura_pca.pdf",sep=""),width = 30, height = 8,p,limitsize = FALSE)

mammal.combined <- FindClusters(mammal.combined,resolution = 0.5)
p<-DimPlot(mammal.combined,  pt.size = 4, reduction = "umap", split.by = "Dataset", label = TRUE, repel = TRUE) 
ggsave(filename=paste(saveext,"/DimRed/Marmoset_BatchAll_Nakamura_umap_Cl.pdf",sep=""),width = 30, height = 8,p,limitsize = FALSE)
mammal.combined$Cl <- Idents(mammal.combined)

EmDAmList1 <- colnames(mammal.combined)[which(mammal.combined$Cl=="3" & mammal.combined$Dataset=="Matteo")]
EmDAmList2 <- colnames(mammal.combined)[which(mammal.combined$Cl=="1" & mammal.combined$Dataset=="Matteo")]
EmDAmList3 <- colnames(mammal.combined)[which(mammal.combined$Cl=="4" & mammal.combined$Dataset=="Matteo")]
